177.000 320.000 290.000 303.000 256.000 256.000 252.000 258.000 174.000 195.000
182.000 238.000 199.000 241.000 144.000 175.000 122.000 199.000 152.000 124.000
141.000 283.000 237.000 258.000 152.000 268.000 235.000 234.000 139.000 141.000
135.000 240.000 233.000 242.000 127.000 227.000 199.000 208.000 134.000 119.000
153.000 273.000 281.000 301.000 231.000 215.000 221.000 292.000 195.000 164.000
63.000 146.000 85.000 159.000 85.000 131.000 144.000 95.000 91.000 70.000
194.000 328.000 237.000 300.000 248.000 252.000 226.000 240.000 177.000 198.000
194.000 321.000 247.000 288.000 207.000 243.000 215.000 242.000 173.000 163.000
192.000 312.000 216.000 237.000 168.000 203.000 168.000 241.000 209.000 138.000
223.000 311.000 294.000 295.000 205.000 245.000 183.000 240.000 147.000 171.000
