16.000 72.000 42.000 54.000 0.000 40.000 0.000 10.000 35.000 0.000
0.000 8.000 6.000 0.000 42.000 4.000 20.000 14.000 20.000 20.000
25.000 45.000 8.000 63.000 0.000 12.000 72.000 18.000 54.000 6.000
12.000 36.000 0.000 63.000 2.000 0.000 35.000 21.000 40.000 4.000
18.000 45.000 36.000 21.000 48.000 14.000 1.000 30.000 40.000 42.000
0.000 0.000 18.000 48.000 4.000 4.000 0.000 9.000 3.000 4.000
16.000 42.000 42.000 0.000 35.000 40.000 12.000 0.000 12.000 0.000
0.000 9.000 72.000 12.000 1.000 36.000 56.000 10.000 5.000 0.000
0.000 24.000 12.000 72.000 4.000 36.000 72.000 36.000 0.000 28.000
35.000 8.000 8.000 6.000 10.000 9.000 0.000 45.000 56.000 2.000
