10.000 17.000 13.000 15.000 7.000 13.000 5.000 7.000 12.000 2.000
5.000 6.000 7.000 5.000 13.000 5.000 9.000 9.000 9.000 9.000
10.000 14.000 6.000 16.000 8.000 8.000 17.000 9.000 15.000 7.000
8.000 13.000 1.000 16.000 3.000 8.000 12.000 10.000 13.000 4.000
11.000 14.000 13.000 10.000 14.000 9.000 2.000 11.000 13.000 13.000
2.000 7.000 9.000 14.000 5.000 5.000 2.000 6.000 4.000 4.000
10.000 13.000 13.000 8.000 12.000 13.000 8.000 6.000 8.000 5.000
4.000 6.000 17.000 7.000 2.000 13.000 15.000 7.000 6.000 5.000
5.000 11.000 8.000 17.000 5.000 13.000 17.000 13.000 0.000 11.000
12.000 6.000 6.000 7.000 7.000 10.000 9.000 14.000 15.000 3.000
